-31 -69 -128 Ề
-31 -69 -127 ề
-31 -69 -126 Ể
-31 -69 -125 ể
-31 -69 -124 Ễ
-31 -69 -123 ễ
-31 -69 -122 Ệ
-31 -69 -121 ệ
-31 -69 -120 Ỉ
-31 -69 -119 ỉ
-31 -69 -118 Ị
-31 -69 -117 ị
-31 -69 -116 Ọ
-31 -69 -115 ọ
-31 -69 -114 Ỏ
-31 -69 -113 ỏ
-31 -69 -112 Ố
-31 -69 -111 ố
-31 -69 -110 Ồ
-31 -69 -109 ồ
-31 -69 -108 Ổ
-31 -69 -107 ổ
-31 -69 -106 Ỗ
-31 -69 -105 ỗ
-31 -69 -104 Ộ
-31 -69 -103 ộ
-31 -69 -102 Ớ
-31 -69 -101 ớ
-31 -69 -100 Ờ
-31 -69 -99 ờ
-31 -69 -98 Ở
-31 -69 -97 ở
-31 -69 -96 Ỡ
-31 -69 -95 ỡ
-31 -69 -94 Ợ
-31 -69 -93 ợ
-31 -69 -92 Ụ
-31 -69 -91 ụ
-31 -69 -90 Ủ
-31 -69 -89 ủ
-31 -69 -88 Ứ
-31 -69 -87 ứ
-31 -69 -86 Ừ
-31 -69 -85 ừ
-31 -69 -84 Ử
-31 -69 -83 ử
-31 -69 -82 Ữ
-31 -69 -81 ữ
-31 -69 -80 Ự
-31 -69 -79 ự
-31 -70 -96 Ạ
-31 -70 -95 ạ
-31 -70 -94 Ả
-31 -70 -93 ả
-31 -70 -92 Ấ
-31 -70 -91 ấ
-31 -70 -90 Ầ
-31 -70 -89 ầ
-31 -70 -88 Ẩ
-31 -70 -87 ẩ
-31 -70 -86 Ẫ
-31 -70 -85 ẫ
-31 -70 -84 Ậ
-31 -70 -83 ậ
-31 -70 -82 Ắ
-31 -70 -81 ắ
-31 -70 -80 Ằ
-31 -70 -79 ằ
-31 -70 -78 Ẳ
-31 -70 -77 ẳ
-31 -70 -76 Ẵ
-31 -70 -75 ẵ
-31 -70 -74 Ặ
-31 -70 -73 ặ